0.055074
-0.047679
0.093057
0.091476
-0.109084
-0.030137
-0.038643
-0.022237
-0.050228
-0.103857
-0.021321
-0.018564
-0.075091
-0.062348
-0.121818
-0.002692
-0.028702
-0.147074
-0.015269
0.086447
0.115473
-0.169706
-0.096826
-0.109510
-0.053628
-0.082465
0.150930
-0.090619
-0.034900
0.111952
-0.071714
-0.103913
0.078478
0.012645
0.050942
0.150070
0.010226
-0.021397
-0.115284
-0.019557
-0.061422
0.013731
-0.190453
-0.054101
-0.055160
0.049294
0.036803
-0.009972
-0.095939
0.001048
-0.043628
-0.001349
-0.103482
0.028794
-0.030917
-0.095487
-0.144691
0.000479
-0.142358
-0.116619
-0.194933
-0.049649
-0.132720
-0.087774
-0.012878
0.017924
0.044389
-0.115669
-0.052336
-0.056201
0.018305
-0.081188
0.024585
-0.086628
-0.031107
-0.034499
-0.087573
-0.113056
-0.012138
-0.096139
0.070185
0.088854
-0.104448
0.079440
-0.006334
-0.144636
0.102352
-0.091658
-0.067976
-0.090839
-0.201610
-0.067033
-0.112596
-0.072338
-0.039318
-0.023125
-0.084660
0.128667
-0.187166
-0.028525
0.018024
0.021156
-0.030032
0.002045
-0.068478
0.004986
-0.035786
-0.016202
-0.082636
0.001999
-0.062673
-0.103293
0.189370
-0.036982
-0.080531
0.030185
-0.026987
-0.103475
-0.069035
-0.070680
