-0.118080
-0.154198
-0.038445
-0.175653
0.018380
0.026182
-0.073679
0.024410
-0.038982
-0.083582
-0.058284
-0.063385
0.028928
0.034466
-0.174609
-0.065005
-0.095551
0.002549
-0.198706
-0.051249
0.045659
-0.086004
-0.128336
-0.014218
-0.058094
-0.205850
0.011115
-0.034830
-0.218120
0.064447
0.072064
0.026188
-0.075326
-0.068553
0.116210
-0.148484
0.033833
-0.082530
-0.067783
0.062254
-0.036211
-0.226526
-0.093948
-0.178573
-0.185348
-0.232328
0.070557
-0.045759
0.194122
-0.146657
0.138908
0.095709
0.090482
0.213801
-0.159576
0.347873
0.083572
-0.063146
-0.145105
-0.003276
-0.105973
0.188126
0.052150
-0.019743
0.015098
0.200976
0.158820
-0.057990
-0.002145
-0.192934
-0.094758
-0.234495
-0.074033
-0.087006
-0.094000
-0.049260
-0.029422
-0.026715
0.086768
0.089637
0.098936
-0.018679
0.075701
0.128460
